[[ 4.18000013e-01  1.18910000e-01  3.46639991e-01  2.17050001e-01]
 [ 2.49679998e-01  1.52549997e-01  3.98050010e-01  4.65149999e-01]
 [-4.12420005e-01 -8.20730031e-02  4.89699990e-01 -4.67570007e-01]
 [ 1.21699996e-01 -7.41439998e-01 -5.14209986e-01  1.00819997e-01]
 [ 3.45270008e-01  7.59169996e-01  5.45740008e-01  1.01349998e+00]
 [-4.44569997e-02 -4.83280003e-01 -1.20050001e+00  7.48449981e-01]
 [-4.96879995e-01 -3.10090005e-01  3.21069986e-01 -5.31040013e-01]
 [-1.78619996e-01  5.14760017e-01  7.40040004e-01 -2.62560010e-01]
 [-6.60229998e-04 -9.87079978e-01 -1.49790001e+00  1.68119997e-01]
 [-6.56599998e-01  6.17570011e-04 -1.96510002e-01  1.31819993e-01]
 [ 2.78430015e-01 -1.50429994e-01 -1.26310006e-01 -2.49090001e-01]
 [-1.47670001e-01  8.37700009e-01 -3.77029985e-01 -4.41850007e-01]
 [-5.56770027e-01 -1.07969999e+00 -6.25689983e-01 -2.17390001e-01]
 [ 1.46579996e-01 -5.14599979e-01  3.87919992e-02  5.10039985e-01]
 [-9.50950012e-03  1.31879997e+00  1.05789995e+00  1.34480000e-01]
 [ 1.16579998e-02  6.20069981e-01  7.71990001e-01 -4.31410015e-01]
 [ 1.02040000e-01  1.37789994e-01 -1.85890004e-01 -3.12300008e-02]
 [-1.27920002e-01  4.71080005e-01  1.30320001e+00  2.06740007e-01]
 [-8.44299972e-01 -7.28740022e-02 -7.21279979e-01 -7.81379998e-01]
 [-1.21809997e-01 -7.26750016e-01  4.02310014e-01 -2.01480001e-01]
 [-1.68009996e-02 -7.41159976e-01  6.64419979e-02 -9.74010006e-02]
 [-3.32789987e-01  7.52629995e-01  1.23150003e+00  1.60879999e-01]
 [-1.55200005e-01  8.81799996e-01  9.39559996e-01 -6.18359983e-01]
 [-2.31309995e-01  2.95610011e-01  1.39030004e+00 -1.85039997e-01]
 [-1.91809997e-01  1.35479999e+00  1.53340006e+00 -1.24609999e-01]
 [-1.88230002e+00 -2.57010007e+00 -1.47300005e+00 -2.25259995e+00]
 [-7.67459989e-01 -1.35230005e+00 -3.49970013e-01 -2.23210007e-01]
 [ 9.90509987e-02  4.58799988e-01  3.15620005e-01  5.04299998e-01]
 [-4.21249986e-01  1.00680006e+00  9.06910002e-01  3.22569996e-01]
 [-1.95260003e-01 -1.18560004e+00  4.54979986e-01  1.53129995e-01]
 [ 4.00710011e+00  3.47370005e+00  2.54809999e+00  3.96359992e+00]
 [-1.85939997e-01  7.78980017e-01  1.64100006e-01 -7.13649988e-01]
 [-5.22870004e-01 -7.29290009e-01 -6.06999993e-01 -6.70120001e-01]
 [-3.16810012e-01  2.51020014e-01  2.70610005e-01  2.83879995e-01]
 [ 5.92130003e-04 -2.61559993e-01 -7.90719986e-01  2.17380002e-01]
 [ 7.44489999e-03 -3.46839994e-01 -1.14600003e+00  1.44329995e-01]
 [ 1.77780002e-01  5.58409989e-01  9.17949975e-01  2.59259999e-01]
 [-1.58969998e-01  7.50980020e-01 -1.17969997e-01  2.34339997e-01]
 [ 1.20409997e-02  4.98299986e-01  2.35259995e-01  4.27399993e-01]
 [-5.42230010e-02 -2.68229991e-01 -1.26589999e-01 -4.44510013e-01]
 [-2.98709989e-01 -2.74430006e-03  6.65269971e-01  1.38129994e-01]
 [-1.57490000e-01 -1.82980001e-02 -9.18160021e-01  3.69729996e-01]
 [-3.47579986e-01 -2.80959994e-01  1.00479998e-01 -6.42889977e-01]
 [-4.56370004e-02  5.53179979e-01  7.04569995e-01  2.41420008e-02]
 [-4.42510009e-01  3.77059989e-02 -2.17769995e-01 -3.93150002e-02]
 [ 1.87849998e-01  1.85550004e-01  5.24789989e-01 -2.60369986e-01]
 [ 2.78489990e-03 -1.50250003e-01 -5.44520020e-01  1.20169997e-01]
 [-1.84110001e-01 -5.75119972e-01  8.65759999e-02 -4.37819995e-02]
 [-1.15139998e-01 -2.66710013e-01  3.40369999e-01  4.10129994e-01]
 [-7.85809994e-01  9.21209991e-01  1.35880005e+00  1.79600000e-01]
 [ 1.18910000e-01  3.46639991e-01  2.17050001e-01  8.01649988e-01]
 [ 1.52549997e-01  3.98050010e-01  4.65149999e-01 -3.69170010e-01]
 [-8.20730031e-02  4.89699990e-01 -4.67570007e-01 -3.81660014e-01]
 [-7.41439998e-01 -5.14209986e-01  1.00819997e-01 -9.06990021e-02]
 [ 7.59169996e-01  5.45740008e-01  1.01349998e+00 -4.82030004e-01]
 [-4.83280003e-01 -1.20050001e+00  7.48449981e-01  4.44339991e-01]
 [-3.10090005e-01  3.21069986e-01 -5.31040013e-01 -9.33620036e-02]
 [ 5.14760017e-01  7.40040004e-01 -2.62560010e-01 -9.18210030e-01]
 [-9.87079978e-01 -1.49790001e+00  1.68119997e-01  5.62479973e-01]
 [ 6.17570011e-04 -1.96510002e-01  1.31819993e-01 -1.11900002e-01]
 [-1.50429994e-01 -1.26310006e-01 -2.49090001e-01  1.86220005e-01]
 [ 8.37700009e-01 -3.77029985e-01 -4.41850007e-01  7.58440018e-01]
 [-1.07969999e+00 -6.25689983e-01 -2.17390001e-01  5.71179986e-01]
 [-5.14599979e-01  3.87919992e-02  5.10039985e-01  8.80460024e-01]
 [ 1.31879997e+00  1.05789995e+00  1.34480000e-01  3.91759984e-02]
 [ 6.20069981e-01  7.71990001e-01 -4.31410015e-01  1.40849993e-01]
 [ 1.37789994e-01 -1.85890004e-01 -3.12300008e-02  8.69719982e-01]
 [ 4.71080005e-01  1.30320001e+00  2.06740007e-01  9.06799972e-01]
 [-7.28740022e-02 -7.21279979e-01 -7.81379998e-01 -1.00380003e+00]
 [-7.26750016e-01  4.02310014e-01 -2.01480001e-01  3.93860012e-01]
 [-7.41159976e-01  6.64419979e-02 -9.74010006e-02 -9.72570002e-01]
 [ 7.52629995e-01  1.23150003e+00  1.60879999e-01 -8.04210007e-01]
 [ 8.81799996e-01  9.39559996e-01 -6.18359983e-01  1.16520000e+00]
 [ 2.95610011e-01  1.39030004e+00 -1.85039997e-01  4.37000006e-01]
 [ 1.35479999e+00  1.53340006e+00 -1.24609999e-01  2.73609996e-01]
 [-2.57010007e+00 -1.47300005e+00 -2.25259995e+00 -1.14579999e+00]
 [-1.35230005e+00 -3.49970013e-01 -2.23210007e-01 -7.83519983e-01]
 [ 4.58799988e-01  3.15620005e-01  5.04299998e-01  7.63880014e-01]
 [ 1.00680006e+00  9.06910002e-01  3.22569996e-01 -2.75420010e-01]
 [-1.18560004e+00  4.54979986e-01  1.53129995e-01 -6.78529978e-01]
 [ 3.47370005e+00  2.54809999e+00  3.96359992e+00  7.53489971e-01]
 [ 7.78980017e-01  1.64100006e-01 -7.13649988e-01 -7.20829964e-02]
 [-7.29290009e-01 -6.06999993e-01 -6.70120001e-01 -3.28819990e-01]
 [ 2.51020014e-01  2.70610005e-01  2.83879995e-01  3.44720006e-01]
 [-2.61559993e-01 -7.90719986e-01  2.17380002e-01 -5.25610030e-01]
 [-3.46839994e-01 -1.14600003e+00  1.44329995e-01  5.63279986e-01]
 [ 5.58409989e-01  9.17949975e-01  2.59259999e-01  8.94670002e-03]
 [ 7.50980020e-01 -1.17969997e-01  2.34339997e-01 -1.29060000e-01]
 [ 4.98299986e-01  2.35259995e-01  4.27399993e-01  1.11679995e+00]
 [-2.68229991e-01 -1.26589999e-01 -4.44510013e-01  7.22770020e-02]
 [-2.74430006e-03  6.65269971e-01  1.38129994e-01 -4.92040008e-01]
 [-1.82980001e-02 -9.18160021e-01  3.69729996e-01  7.96199977e-01]
 [-2.80959994e-01  1.00479998e-01 -6.42889977e-01 -6.57540023e-01]
 [ 5.53179979e-01  7.04569995e-01  2.41420008e-02  6.17349982e-01]
 [ 3.77059989e-02 -2.17769995e-01 -3.93150002e-02  1.20190001e+00]
 [ 1.85550004e-01  5.24789989e-01 -2.60369986e-01 -4.63789999e-01]
 [-1.50250003e-01 -5.44520020e-01  1.20169997e-01  5.46180010e-01]
 [-5.75119972e-01  8.65759999e-02 -4.37819995e-02 -1.09969997e+00]
 [-2.66710013e-01  3.40369999e-01  4.10129994e-01  8.51729989e-01]
 [ 9.21209991e-01  1.35880005e+00  1.79600000e-01  4.41199988e-02]
 [ 3.46639991e-01  2.17050001e-01  8.01649988e-01  4.18000013e-01]
 [ 3.98050010e-01  4.65149999e-01 -3.69170010e-01  2.49679998e-01]
 [ 4.89699990e-01 -4.67570007e-01 -3.81660014e-01 -4.12420005e-01]
 [-5.14209986e-01  1.00819997e-01 -9.06990021e-02  1.21699996e-01]
 [ 5.45740008e-01  1.01349998e+00 -4.82030004e-01  3.45270008e-01]
 [-1.20050001e+00  7.48449981e-01  4.44339991e-01 -4.44569997e-02]
 [ 3.21069986e-01 -5.31040013e-01 -9.33620036e-02 -4.96879995e-01]
 [ 7.40040004e-01 -2.62560010e-01 -9.18210030e-01 -1.78619996e-01]
 [-1.49790001e+00  1.68119997e-01  5.62479973e-01 -6.60229998e-04]
 [-1.96510002e-01  1.31819993e-01 -1.11900002e-01 -6.56599998e-01]
 [-1.26310006e-01 -2.49090001e-01  1.86220005e-01  2.78430015e-01]
 [-3.77029985e-01 -4.41850007e-01  7.58440018e-01 -1.47670001e-01]
 [-6.25689983e-01 -2.17390001e-01  5.71179986e-01 -5.56770027e-01]
 [ 3.87919992e-02  5.10039985e-01  8.80460024e-01  1.46579996e-01]
 [ 1.05789995e+00  1.34480000e-01  3.91759984e-02 -9.50950012e-03]
 [ 7.71990001e-01 -4.31410015e-01  1.40849993e-01  1.16579998e-02]
 [-1.85890004e-01 -3.12300008e-02  8.69719982e-01  1.02040000e-01]
 [ 1.30320001e+00  2.06740007e-01  9.06799972e-01 -1.27920002e-01]
 [-7.21279979e-01 -7.81379998e-01 -1.00380003e+00 -8.44299972e-01]
 [ 4.02310014e-01 -2.01480001e-01  3.93860012e-01 -1.21809997e-01]
 [ 6.64419979e-02 -9.74010006e-02 -9.72570002e-01 -1.68009996e-02]
 [ 1.23150003e+00  1.60879999e-01 -8.04210007e-01 -3.32789987e-01]
 [ 9.39559996e-01 -6.18359983e-01  1.16520000e+00 -1.55200005e-01]
 [ 1.39030004e+00 -1.85039997e-01  4.37000006e-01 -2.31309995e-01]
 [ 1.53340006e+00 -1.24609999e-01  2.73609996e-01 -1.91809997e-01]
 [-1.47300005e+00 -2.25259995e+00 -1.14579999e+00 -1.88230002e+00]
 [-3.49970013e-01 -2.23210007e-01 -7.83519983e-01 -7.67459989e-01]
 [ 3.15620005e-01  5.04299998e-01  7.63880014e-01  9.90509987e-02]
 [ 9.06910002e-01  3.22569996e-01 -2.75420010e-01 -4.21249986e-01]
 [ 4.54979986e-01  1.53129995e-01 -6.78529978e-01 -1.95260003e-01]
 [ 2.54809999e+00  3.96359992e+00  7.53489971e-01  4.00710011e+00]
 [ 1.64100006e-01 -7.13649988e-01 -7.20829964e-02 -1.85939997e-01]
 [-6.06999993e-01 -6.70120001e-01 -3.28819990e-01 -5.22870004e-01]
 [ 2.70610005e-01  2.83879995e-01  3.44720006e-01 -3.16810012e-01]
 [-7.90719986e-01  2.17380002e-01 -5.25610030e-01  5.92130003e-04]
 [-1.14600003e+00  1.44329995e-01  5.63279986e-01  7.44489999e-03]
 [ 9.17949975e-01  2.59259999e-01  8.94670002e-03  1.77780002e-01]
 [-1.17969997e-01  2.34339997e-01 -1.29060000e-01 -1.58969998e-01]
 [ 2.35259995e-01  4.27399993e-01  1.11679995e+00  1.20409997e-02]
 [-1.26589999e-01 -4.44510013e-01  7.22770020e-02 -5.42230010e-02]
 [ 6.65269971e-01  1.38129994e-01 -4.92040008e-01 -2.98709989e-01]
 [-9.18160021e-01  3.69729996e-01  7.96199977e-01 -1.57490000e-01]
 [ 1.00479998e-01 -6.42889977e-01 -6.57540023e-01 -3.47579986e-01]
 [ 7.04569995e-01  2.41420008e-02  6.17349982e-01 -4.56370004e-02]
 [-2.17769995e-01 -3.93150002e-02  1.20190001e+00 -4.42510009e-01]
 [ 5.24789989e-01 -2.60369986e-01 -4.63789999e-01  1.87849998e-01]
 [-5.44520020e-01  1.20169997e-01  5.46180010e-01  2.78489990e-03]
 [ 8.65759999e-02 -4.37819995e-02 -1.09969997e+00 -1.84110001e-01]
 [ 3.40369999e-01  4.10129994e-01  8.51729989e-01 -1.15139998e-01]
 [ 1.35880005e+00  1.79600000e-01  4.41199988e-02 -7.85809994e-01]]
